0.03981499 
    1.34685434 
   -31.28515247 
   -2517.67388012 
   -93.82595091 
   23559.23077273 
   -6152.58822508 
   -175452.95264310 
   109306.49208293 
   1041726.65590730 
   -1100315.57915422 
   -4785673.35645705 
   7712439.85968963 
   15846432.82109065 
   -39438550.06275571 
   -29893954.69560787 
   146007254.44591138 
   -19916058.09817056 
   -366780758.47918725 
   346185213.03984386 
   489647814.61394620 
   -1126625521.70101166 
   231822362.61145335 
   1599757554.33661199 
   -2144952276.26922989 
   292061990.86558396 
   2545740793.74345350 
   -3845261622.12183857 
   2228257654.92735767 
   1538421859.72133851 
   -5197627022.00456524 
   6491511341.82029057 
   -4413015476.40586185 
   -393306403.12406617 
   6070313986.04798889 
   -10425656531.77397156 
   11776958475.99044800 
   -9451817646.75667953 
   3855378280.51967478 
   3803029825.02185869 
   -11949387628.58681488 
   19080688666.06528091 
   -24080557523.70561218 
   26373845932.01088715 
   -25922224493.48607254 
   23132724575.77392197 
   -18669447224.36888123 
   13384900522.86650276 
   -7985711595.14071274 
   3519074818.90370703 