181632767.02474564 
   21606243642.14943314 
   -50247995663.12927246 
   -5832281177979.65917969 
   13665771060683.74609375 
   20212954058624.91796875 
   -169012112570096.46875000 
   282048042943255.12500000 
   486641802866036.50000000 
   -3207219420235515.50000000 
   5550883203296769.00000000 
   4064833907014120.50000000 
   -42823919572217456.00000000 
   97969930790696896.00000000 
   -54044154051277688.00000000 
   -342644550534563648.00000000 
   1272350143418962176.00000000 
   -2123354889146153216.00000000 
   388549044271691264.00000000 
   8531404532308345856.00000000 
   -27691680858281267200.00000000 
   47838169127163813888.00000000 
   -29867623951517138944.00000000 
   -108764251665615781888.00000000 
   472243319701454913536.00000000 
   -1064352498623842091008.00000000 
   1481525896687311126528.00000000 
   -430506540280530468864.00000000 
   -4589016662397140074496.00000000 
   16612739815089211703296.00000000 
   -36379812971713233158144.00000000 
   55711930405706767794176.00000000 
   -44348243619600087908352.00000000 
   -70183748017513295773696.00000000 
   412107245709204087898112.00000000 
   -1105435312237644810813440.00000000 
   2110817165325349865652224.00000000 
   -2963950499742250042392576.00000000 
   2377649168663161297960960.00000000 
   2680317289437884164603904.00000000 
   -18401899855328804681547776.00000000 
   52988069445756041205645312.00000000 
   -107652875836168669715496960.00000000 
   163705139662999002577633280.00000000 
   -190165627726139980500697088.00000000 
   138917140990863116637044736.00000000 
   121633524761482689809219584.00000000 
   -1090833745761665707637997568.00000000 
   2704774795412305193216245760.00000000 
   -4125383820249973455415410688.00000000 