-74584.22269491 
   -4927125.76805898 
   21839817.52536922 
   2054902010.99628210 
   -2697633394.60593319 
   -15207057386.69641495 
   46123153095.91075897 
   45696467589.96288300 
   -401914262720.92449951 
   362040408403.97412109 
   1817578345377.88818359 
   -5136601666629.66210938 
   -457678323700.65100098 
   25741927816756.04687500 
   -45062838127326.53906250 
   -25560667211615.88281250 
   230713175997843.21875000 
   -354508011661870.43750000 
   -128557995150444.31250000 
   1495034504685139.25000000 
   -2701395338058218.50000000 
   981899230225895.37500000 
   6226861296361957.00000000 
   -16841401489574438.00000000 
   20140511904576464.00000000 
   1397604565642240.75000000 
   -60279893210264400.00000000 
   143187972150350000.00000000 
   -188758557255033184.00000000 
   78867012407507568.00000000 
   329859569626615040.00000000 
   -1093297383040622720.00000000 
   1958281770678024960.00000000 
   -2104404414154908672.00000000 
   122854821672338976.00000000 
   5345630338593651712.00000000 
   -14131042877259266048.00000000 
   22845437327933562880.00000000 
   -24441672560636297216.00000000 
   10038456425201119232.00000000 
   28364655759953059840.00000000 
   -96953181320105295872.00000000 
   199884765345909604352.00000000 
   -326294958970467319808.00000000 
   416944276309549907968.00000000 
   -320151707513819889664.00000000 
   -139154186242376040448.00000000 
   1001046965858781888512.00000000 
   -1719290948872453488640.00000000 
   1719290948872453488640.00000000 